# 2015 Year Only Data
# init_int Nages
7
# init_int Nsizes
28
# init_int Nyrs
1
# init_int sizebins
19 20 21 22 23 24 25 26 27 28 29 30 31 32 33 34 35 36 37 38 39 40 41 42 43 44 45 46
# init_int ages 
0 1 2 3 4 5 6
# init_3darray nijk(1,Nyrs,1,Nages,1,Nsizes)
# 2015 age length sample
3	8	10	2	2	6	9	14	2	2	0	0	0	0	0	0	0	0	0	0	0	0	0	0	0	0	0	0
0	0	0	0	0	4	9	14	12	9	13	7	2	1	0	0	0	0	0	0	0	0	0	0	0	0	0	0
0	0	0	0	0	0	0	1	7	9	12	11	17	14	5	2	1	0	0	0	0	0	0	0	0	0	0	0
0	0	0	0	0	0	0	0	0	0	0	1	7	11	22	20	25	19	7	0	2	1	1	0	0	0	0	0
0	0	0	0	0	0	0	0	0	0	0	0	1	2	3	7	15	15	15	17	7	8	3	0	1	0	0	0
0	0	0	0	0	0	0	0	0	0	0	0	0	0	0	0	0	4	1	6	7	4	3	5	4	0	0	0
0	0	0	0	0	0	0	0	0	0	0	0	0	0	0	0	0	0	0	0	1	2	0	0	2	0	1	1
# init_matrix yjk(1,Nyrs,1,Nsizes)
3	11	30	45	85	195	523	984	1752 2707 2543 2205 2789 2187 2018 1086	819	435	202	115	66	26 15 3	2 0 3	5
# init_matrix xik(1,Nyrs,1,Nages)
0 0 0 0 0 0 0
# init_int annual_catch(1,Nyrs)
20855
# init_int vec_length
65
# init_ivector k_vec
1 1 1 1 1 1 1 1 1 1 1 1 1 1 1 1 1 1 1 1 1 1 1 1 1 1 1 1 1 1 1 1 1 1 1 1 1 1 1 1 1 1 1 1 1 1 1 1 1 1 1 1 1 1 1 1 1 1 1 1 1 1 1 1 1
# init_ivector i_vec
1 1 1 1 1 1 1 1 1 1 2 2 2 2 2 2 2 2 2 3 3 3 3 3 3 3 3 3 3 4 4 4 4 4 4 4 4 4 4 4 5 5 5 5 5 5 5 5 5 5 5 5 6 6 6 6 6 6 6 6 7 7 7 7 7
# init_ivector j_vec
1 2 3 4 5 6 7 8 9 10 6 7 8 9 10 11 12 13 14 8 9 10 11 12 13 14 15 16 17 12 13 14 15 16 17 18 19 21 22 23 13 14 15 16 17 18 19 20 21 22 23 25 18 19 20 21 22 23 24 25 21 22 25 27 28
# init_ivector mini_vec
1 1 1 1 1 1 1 1 1 1 1 1 1 1 1 1 1 1 1 1 1 1 1 1 1 1 1 1 1 1 1 1 1 1 1 1 1 1 1 1 1 1 1 1 1 1 1 1 1 1 1 1 1 1 1 1 1 1 1 1 1 1 1 1 1
# init_ivector maxi_vec
1 1 1 1 1 1 1 1 1 1 1 1 1 1 1 1 1 1 1 1 1 1 1 1 1 1 1 1 1 1 1 1 1 1 1 1 1 1 1 1 1 1 1 1 1 1 1 1 1 1 1 1 1 1 1 1 1 1 1 1 1 1 1 1 1
# init_int vec_length2
28
# init_ivector k_vec2
1 1 1 1 1 1 1 1 1 1 1 1 1 1 1 1 1 1 1 1 1 1 1 1 1 1 1 1
# init_ivector j_vec2
1 2 3 4 5 6 7 8 9 10 11 12 13 14 15 16 17 18 19 20 21 22 23 24 25 26 27 28
# init_ivector mini_vec2
1 1 1 1 1 1 1 1 1 1 2 2 2 2 3 3 3 4 4 4 4 4 4 5 5 7 7 7
# init_ivector maxi_vec2
1 1 1 1 1 2 2 3 3 3 3 4 5 5 5 5 5 6 6 6 7 7 7 7 7 7 7 7
# init_ivector minind(minPji,maxPji)
1 6 8 12 13 18 21
# init_ivector maxind(minPji,maxPji)
9 13 16 22 24 24 27